CHR	POS	Count_A	Count_C	Count_G	Count_T	Good_depth
1	1000	48	52	0	0	100
1	2000	0	0	47	53	100
1	3000	51	0	49	0	100
1	4000	0	48	0	52	100
1	5000	53	0	0	47	100
1	6000	0	51	49	0	100
1	7000	47	53	0	0	100
1	8000	0	0	52	48	100
1	9000	49	0	51	0	100
1	10000	0	50	0	50	100
1	11000	75	0	0	25	100
1	12000	0	72	28	0	100
1	13000	74	26	0	0	100
1	14000	0	0	73	27	100
1	15000	71	0	29	0	100
1	16000	0	76	0	24	100
1	17000	73	0	0	27	100
1	18000	0	74	26	0	100
1	19000	72	28	0	0	100
1	20000	0	0	75	25	100
